Multiple size <= 100
TEST 1 ARG:87 60 43 79 63 25 10 66 42 40 53 83 62 14 81 18 52 89 34 46 86 28 45 59 6 50 54 80 29 32 8 64 41 61 39 12 38 57 92 44 77 9 36 27 33 31 93 97 73 56 70 13 1 48 26 3 11 16 95 96 98 0 17 91 15 68 69 88 35 49 82 55 5 75 47 2 51 20 4 58 22 71 37 19 74 30 76 24 94 99 78 67 90 84 21 85 7 23 65 72
TEST 1 ARG:87 60 43 79 63 25 10 66 42 40 53 83 62 14 81 18 52 89 34 46 86 28 45 59 6 50 54 80 29 32 8 64 41 61 39 12 38 57 92 44 77 9 36 27 33 31 93 97 73 56 70 13 1 48 26 3 11 16 95 96 98 0 17 91 15 68 69 88 35 49 82 55 5 75 47 2 51 20 4 58 22 71 37 19 74 30 76 24 94 99 78 67 90 84 21 85 7 23 65 72
TEST 2 ARG:41 97 38 85 58 79 1 55 73 12 18 86 15 26 36 62 77 23 48 21 95 56 32 81 24 90 37 93 49 89 39 11 54 57 98 70 40 63 43 2 53 31 59 44 3 66 71 29 10 52 75 88 65 45 5 42 6 4 94 87 35 22 33 78 17 61 0 51 14 64 13 96 50 9 34 67 28 68 80 47 7 19 46 91 74 69 82 92 72 25 83 30 84 8 20 60 27 76 16 99
TEST 2 ARG:41 97 38 85 58 79 1 55 73 12 18 86 15 26 36 62 77 23 48 21 95 56 32 81 24 90 37 93 49 89 39 11 54 57 98 70 40 63 43 2 53 31 59 44 3 66 71 29 10 52 75 88 65 45 5 42 6 4 94 87 35 22 33 78 17 61 0 51 14 64 13 96 50 9 34 67 28 68 80 47 7 19 46 91 74 69 82 92 72 25 83 30 84 8 20 60 27 76 16 99
TEST 3 ARG:11 30 46 65 9 90 29 44 57 45 64 61 33 92 67 79 85 69 71 17 41 95 62 88 75 76 78 72 36 38 16 22 68 3 60 66 0 1 48 94 81 32 5 25 6 89 10 53 59 27 50 19 63 31 84 12 80 24 56 8 18 74 15 87 52 55 58 97 86 91 7 73 4 40 83 2 23 28 43 54 98 39 99 34 47 93 77 20 35 42 21 51 37 96 14 13 70 82 49 26
TEST 3 ARG:11 30 46 65 9 90 29 44 57 45 64 61 33 92 67 79 85 69 71 17 41 95 62 88 75 76 78 72 36 38 16 22 68 3 60 66 0 1 48 94 81 32 5 25 6 89 10 53 59 27 50 19 63 31 84 12 80 24 56 8 18 74 15 87 52 55 58 97 86 91 7 73 4 40 83 2 23 28 43 54 98 39 99 34 47 93 77 20 35 42 21 51 37 96 14 13 70 82 49 26
TEST 4 ARG:65 57 37 46 3 51 0 17 89 59 87 83 61 22 73 69 68 4 33 98 2 48 86 30 56 15 94 43 80 35 19 92 28 72 16 44 40 76 58 71 25 9 20 5 66 84 6 49 7 42 78 96 91 12 64 14 75 90 93 13 60 29 8 32 54 79 52 77 41 45 81 47 18 27 36 70 38 85 74 39 99 1 88 24 97 34 95 10 55 53 82 50 11 63 67 31 21 23 26 62
TEST 4 ARG:65 57 37 46 3 51 0 17 89 59 87 83 61 22 73 69 68 4 33 98 2 48 86 30 56 15 94 43 80 35 19 92 28 72 16 44 40 76 58 71 25 9 20 5 66 84 6 49 7 42 78 96 91 12 64 14 75 90 93 13 60 29 8 32 54 79 52 77 41 45 81 47 18 27 36 70 38 85 74 39 99 1 88 24 97 34 95 10 55 53 82 50 11 63 67 31 21 23 26 62
TEST 5 ARG:87 19 53 1 11 56 12 4 38 68 91 95 49 24 50 66 92 39 5 31 74 97 85 58 59 40 99 64 32 84 29 44 93 6 96 7 16 14 90 35 88 37 15 17 47 89 86 80 76 18 77 63 8 61 55 83 60 3 46 13 48 51 26 75 34 42 54 20 79 21 52 10 81 70 25 78 36 82 57 73 22 9 28 27 62 65 33 45 69 94 43 2 0 98 72 23 71 41 30 67
TEST 5 ARG:87 19 53 1 11 56 12 4 38 68 91 95 49 24 50 66 92 39 5 31 74 97 85 58 59 40 99 64 32 84 29 44 93 6 96 7 16 14 90 35 88 37 15 17 47 89 86 80 76 18 77 63 8 61 55 83 60 3 46 13 48 51 26 75 34 42 54 20 79 21 52 10 81 70 25 78 36 82 57 73 22 9 28 27 62 65 33 45 69 94 43 2 0 98 72 23 71 41 30 67
TEST 6 ARG:68 4 62 53 73 79 93 39 74 96 15 61 17 0 8 7 31 5 56 11 95 99 75 83 97 88 92 55 71 98 13 51 47 22 42 57 58 41 66 77 86 19 35 16 87 37 25 69 46 28 1 27 67 70 91 59 6 94 49 21 18 20 54 76 48 29 72 82 90 44 23 65 84 89 63 2 26 30 43 12 9 60 10 24 36 52 50 33 45 3 81 80 64 40 78 38 32 34 14 85
TEST 6 ARG:68 4 62 53 73 79 93 39 74 96 15 61 17 0 8 7 31 5 56 11 95 99 75 83 97 88 92 55 71 98 13 51 47 22 42 57 58 41 66 77 86 19 35 16 87 37 25 69 46 28 1 27 67 70 91 59 6 94 49 21 18 20 54 76 48 29 72 82 90 44 23 65 84 89 63 2 26 30 43 12 9 60 10 24 36 52 50 33 45 3 81 80 64 40 78 38 32 34 14 85
TEST 7 ARG:39 93 28 98 34 26 71 27 47 88 78 50 17 6 99 58 74 68 14 85 3 83 10 33 35 23 69 29 96 53 84 13 75 86 66 64 54 40 45 57 5 19 70 12 15 73 2 0 63 77 48 59 42 21 46 38 60 80 65 43 79 89 30 67 20 22 62 4 31 11 90 25 61 51 36 81 44 16 95 8 72 97 9 76 91 7 55 52 87 32 94 49 82 37 92 24 41 56 1 18
TEST 7 ARG:39 93 28 98 34 26 71 27 47 88 78 50 17 6 99 58 74 68 14 85 3 83 10 33 35 23 69 29 96 53 84 13 75 86 66 64 54 40 45 57 5 19 70 12 15 73 2 0 63 77 48 59 42 21 46 38 60 80 65 43 79 89 30 67 20 22 62 4 31 11 90 25 61 51 36 81 44 16 95 8 72 97 9 76 91 7 55 52 87 32 94 49 82 37 92 24 41 56 1 18
TEST 8 ARG:32 9 51 36 97 79 90 99 43 55 88 39 6 27 60 8 84 96 7 66 98 46 35 52 15 42 73 29 14 4 25 37 82 31 68 54 5 17 1 59 57 85 80 13 77 62 70 83 53 34 3 64 0 49 75 63 92 61 40 12 86 58 67 26 16 44 19 74 50 78 65 41 2 72 87 24 89 30 20 81 11 76 22 33 56 48 69 10 45 94 95 21 93 23 71 91 47 38 28 18
TEST 8 ARG:32 9 51 36 97 79 90 99 43 55 88 39 6 27 60 8 84 96 7 66 98 46 35 52 15 42 73 29 14 4 25 37 82 31 68 54 5 17 1 59 57 85 80 13 77 62 70 83 53 34 3 64 0 49 75 63 92 61 40 12 86 58 67 26 16 44 19 74 50 78 65 41 2 72 87 24 89 30 20 81 11 76 22 33 56 48 69 10 45 94 95 21 93 23 71 91 47 38 28 18
TEST 9 ARG:84 0 97 12 11 73 26 77 82 25 80 1 13 43 39 31 51 96 2 95 68 70 94 48 55 27 38 16 14 9 98 76 83 56 87 36 8 3 67 93 62 42 64 69 47 44 78 91 33 50 75 86 72 20 52 5 6 89 18 65 21 7 66 41 60 71 88 59 74 32 4 10 30 22 81 24 54 34 79 53 49 85 19 99 61 57 90 40 23 17 28 37 29 35 15 46 45 92 63 58
TEST 9 ARG:84 0 97 12 11 73 26 77 82 25 80 1 13 43 39 31 51 96 2 95 68 70 94 48 55 27 38 16 14 9 98 76 83 56 87 36 8 3 67 93 62 42 64 69 47 44 78 91 33 50 75 86 72 20 52 5 6 89 18 65 21 7 66 41 60 71 88 59 74 32 4 10 30 22 81 24 54 34 79 53 49 85 19 99 61 57 90 40 23 17 28 37 29 35 15 46 45 92 63 58
TEST 10 ARG:93 55 19 37 7 56 63 12 51 61 35 24 47 5 79 40 72 80 20 60 64 78 16 8 30 3 45 91 1 89 50 59 2 66 9 46 90 27 18 77 71 49 34 44 36 62 74 29 75 97 92 10 82 96 28 17 31 33 0 14 26 11 98 76 86 65 94 52 87 54 32 67 13 99 4 68 84 43 15 58 88 53 57 85 39 23 83 22 38 21 42 41 48 81 25 69 73 70 6 95
TEST 10 ARG:93 55 19 37 7 56 63 12 51 61 35 24 47 5 79 40 72 80 20 60 64 78 16 8 30 3 45 91 1 89 50 59 2 66 9 46 90 27 18 77 71 49 34 44 36 62 74 29 75 97 92 10 82 96 28 17 31 33 0 14 26 11 98 76 86 65 94 52 87 54 32 67 13 99 4 68 84 43 15 58 88 53 57 85 39 23 83 22 38 21 42 41 48 81 25 69 73 70 6 95
TEST 11 ARG:39 84 6 53 27 10 58 38 37 36 3 88 48 98 60 23 86 5 0 17 21 49 73 82 75 79 67 18 96 22 57 44 40 80 89 66 63 69 97 25 72 54 33 24 30 31 13 93 7 74 1 8 77 2 42 34 62 41 12 52 35 16 32 19 43 46 59 78 56 95 15 55 4 64 29 92 47 91 99 9 65 50 11 61 81 70 83 76 14 68 26 45 94 87 71 85 20 90 51 28
TEST 11 ARG:39 84 6 53 27 10 58 38 37 36 3 88 48 98 60 23 86 5 0 17 21 49 73 82 75 79 67 18 96 22 57 44 40 80 89 66 63 69 97 25 72 54 33 24 30 31 13 93 7 74 1 8 77 2 42 34 62 41 12 52 35 16 32 19 43 46 59 78 56 95 15 55 4 64 29 92 47 91 99 9 65 50 11 61 81 70 83 76 14 68 26 45 94 87 71 85 20 90 51 28
TEST 12 ARG:89 16 36 14 29 42 73 93 79 91 82 6 32 43 34 88 23 95 81 68 0 45 48 1 53 57 11 24 51 49 54 58 30 84 50 67 13 39 52 38 35 85 98 21 65 71 74 5 7 20 40 15 19 77 60 31 63 61 62 59 28 4 66 86 33 80 92 64 56 44 76 41 10 46 25 37 78 90 27 70 99 2 72 9 47 26 75 22 18 17 12 87 8 97 69 83 94 96 55 3
TEST 12 ARG:89 16 36 14 29 42 73 93 79 91 82 6 32 43 34 88 23 95 81 68 0 45 48 1 53 57 11 24 51 49 54 58 30 84 50 67 13 39 52 38 35 85 98 21 65 71 74 5 7 20 40 15 19 77 60 31 63 61 62 59 28 4 66 86 33 80 92 64 56 44 76 41 10 46 25 37 78 90 27 70 99 2 72 9 47 26 75 22 18 17 12 87 8 97 69 83 94 96 55 3
TEST 13 ARG:93 67 26 58 84 72 78 79 48 76 12 34 87 27 14 0 56 33 38 96 32 39 82 98 28 61 5 52 36 44 60 31 68 41 99 7 54 18 46 74 57 64 42 40 77 16 9 21 83 43 66 91 51 94 25 75 62 23 53 55 10 89 20 95 69 3 85 2 19 80 11 6 24 22 50 15 37 73 17 45 59 1 81 49 47 90 88 71 92 63 30 86 97 35 65 8 13 4 29 70
TEST 13 ARG:93 67 26 58 84 72 78 79 48 76 12 34 87 27 14 0 56 33 38 96 32 39 82 98 28 61 5 52 36 44 60 31 68 41 99 7 54 18 46 74 57 64 42 40 77 16 9 21 83 43 66 91 51 94 25 75 62 23 53 55 10 89 20 95 69 3 85 2 19 80 11 6 24 22 50 15 37 73 17 45 59 1 81 49 47 90 88 71 92 63 30 86 97 35 65 8 13 4 29 70
TEST 14 ARG:77 67 74 23 32 49 73 8 5 68 97 33 16 76 54 50 52 55 31 10 15 60 87 98 46 26 36 41 37 81 28 27 11 85 29 1 48 25 66 3 70 0 45 7 86 91 59 44 89 64 17 13 20 9 53 40 95 99 78 38 58 51 21 43 56 12 57 2 34 75 47 4 71 93 24 61 19 88 92 6 83 82 30 69 22 65 96 79 90 80 18 14 94 39 35 72 62 84 63 42
TEST 14 ARG:77 67 74 23 32 49 73 8 5 68 97 33 16 76 54 50 52 55 31 10 15 60 87 98 46 26 36 41 37 81 28 27 11 85 29 1 48 25 66 3 70 0 45 7 86 91 59 44 89 64 17 13 20 9 53 40 95 99 78 38 58 51 21 43 56 12 57 2 34 75 47 4 71 93 24 61 19 88 92 6 83 82 30 69 22 65 96 79 90 80 18 14 94 39 35 72 62 84 63 42
TEST 15 ARG:43 55 50 38 78 59 6 16 42 8 40 96 83 19 81 73 71 93 62 90 61 31 66 65 63 23 85 46 2 91 25 58 36 10 87 69 49 39 15 29 35 84 33 80 52 47 68 28 64 14 74 24 12 37 3 9 76 41 70 97 32 26 0 17 79 77 51 5 45 67 75 99 21 92 86 34 30 60 27 54 7 44 72 48 22 18 56 4 94 95 13 89 57 82 20 1 98 88 11 53
TEST 15 ARG:43 55 50 38 78 59 6 16 42 8 40 96 83 19 81 73 71 93 62 90 61 31 66 65 63 23 85 46 2 91 25 58 36 10 87 69 49 39 15 29 35 84 33 80 52 47 68 28 64 14 74 24 12 37 3 9 76 41 70 97 32 26 0 17 79 77 51 5 45 67 75 99 21 92 86 34 30 60 27 54 7 44 72 48 22 18 56 4 94 95 13 89 57 82 20 1 98 88 11 53
TEST 16 ARG:78 39 43 71 25 47 50 41 15 30 84 59 67 51 58 12 44 42 32 98 90 96 88 68 48 52 18 10 14 19 89 87 35 75 24 27 86 45 82 23 85 74 64 11 73 16 26 65 54 94 38 40 36 3 34 5 66 46 0 4 55 31 62 22 79 6 53 76 61 93 9 95 21 63 2 91 97 80 70 7 69 29 33 99 56 83 81 57 13 72 1 92 49 20 28 17 8 60 37 77
TEST 16 ARG:78 39 43 71 25 47 50 41 15 30 84 59 67 51 58 12 44 42 32 98 90 96 88 68 48 52 18 10 14 19 89 87 35 75 24 27 86 45 82 23 85 74 64 11 73 16 26 65 54 94 38 40 36 3 34 5 66 46 0 4 55 31 62 22 79 6 53 76 61 93 9 95 21 63 2 91 97 80 70 7 69 29 33 99 56 83 81 57 13 72 1 92 49 20 28 17 8 60 37 77
TEST 17 ARG:52 73 86 1 77 90 34 66 56 68 62 51 5 91 92 38 94 2 17 39 10 11 20 35 58 0 78 74 29 69 75 57 13 18 46 26 64 53 72 16 84 40 61 9 89 65 96 54 31 27 22 85 42 83 49 4 47 44 70 59 76 41 28 87 45 24 93 80 6 25 60 79 15 98 8 63 48 19 37 88 99 95 12 30 36 71 81 82 67 33 32 3 21 43 7 55 50 97 23 14
TEST 17 ARG:52 73 86 1 77 90 34 66 56 68 62 51 5 91 92 38 94 2 17 39 10 11 20 35 58 0 78 74 29 69 75 57 13 18 46 26 64 53 72 16 84 40 61 9 89 65 96 54 31 27 22 85 42 83 49 4 47 44 70 59 76 41 28 87 45 24 93 80 6 25 60 79 15 98 8 63 48 19 37 88 99 95 12 30 36 71 81 82 67 33 32 3 21 43 7 55 50 97 23 14
TEST 18 ARG:5 28 30 44 42 49 40 18 16 68 82 27 87 1 76 43 20 60 14 96 77 79 48 80 52 22 70 94 23 2 39 69 62 24 45 65 41 33 74 64 71 15 72 97 35 63 67 47 46 17 90 81 26 78 11 37 12 56 73 84 54 38 8 55 25 83 50 88 31 66 57 91 61 59 75 32 29 34 95 10 53 92 89 99 86 85 51 93 19 21 4 6 0 7 36 58 9 3 98 13
TEST 18 ARG:5 28 30 44 42 49 40 18 16 68 82 27 87 1 76 43 20 60 14 96 77 79 48 80 52 22 70 94 23 2 39 69 62 24 45 65 41 33 74 64 71 15 72 97 35 63 67 47 46 17 90 81 26 78 11 37 12 56 73 84 54 38 8 55 25 83 50 88 31 66 57 91 61 59 75 32 29 34 95 10 53 92 89 99 86 85 51 93 19 21 4 6 0 7 36 58 9 3 98 13
TEST 19 ARG:26 92 37 40 96 38 57 75 49 42 90 72 67 53 31 36 14 4 94 2 82 78 8 97 95 84 91 30 10 89 45 44 56 62 51 39 17 29 1 7 6 12 77 47 15 11 19 18 52 34 20 3 60 61 76 55 48 50 27 87 9 25 86 24 71 35 69 16 79 46 98 59 83 5 21 58 74 54 13 70 0 68 66 85 81 32 93 28 22 33 88 73 64 63 23 80 43 65 41 99
TEST 19 ARG:26 92 37 40 96 38 57 75 49 42 90 72 67 53 31 36 14 4 94 2 82 78 8 97 95 84 91 30 10 89 45 44 56 62 51 39 17 29 1 7 6 12 77 47 15 11 19 18 52 34 20 3 60 61 76 55 48 50 27 87 9 25 86 24 71 35 69 16 79 46 98 59 83 5 21 58 74 54 13 70 0 68 66 85 81 32 93 28 22 33 88 73 64 63 23 80 43 65 41 99
TEST 20 ARG:20 84 19 82 44 34 89 23 17 47 28 55 52 53 61 81 2 29 41 94 50 85 36 62 88 90 24 11 42 48 79 63 83 71 43 57 60 8 97 68 40 21 22 18 16 30 0 7 72 32 87 96 73 54 12 92 76 31 58 25 14 66 27 70 15 56 45 46 9 5 65 99 39 67 98 86 59 77 80 10 1 33 49 37 64 75 78 95 3 91 51 6 4 13 35 38 69 74 93 26
TEST 20 ARG:20 84 19 82 44 34 89 23 17 47 28 55 52 53 61 81 2 29 41 94 50 85 36 62 88 90 24 11 42 48 79 63 83 71 43 57 60 8 97 68 40 21 22 18 16 30 0 7 72 32 87 96 73 54 12 92 76 31 58 25 14 66 27 70 15 56 45 46 9 5 65 99 39 67 98 86 59 77 80 10 1 33 49 37 64 75 78 95 3 91 51 6 4 13 35 38 69 74 93 26
TEST 21 ARG:9 41 3 92 81 69 29 61 44 77 22 56 18 53 93 36 8 31 86 45 63 38 15 17 75 2 49 6 59 46 7 89 71 4 32 33 19 68 91 0 20 99 51 65 30 83 26 23 76 64 50 34 80 35 85 95 1 11 10 27 66 88 70 40 98 48 82 60 52 96 79 72 43 58 87 97 42 28 55 24 37 12 78 90 73 57 67 14 54 84 13 74 39 47 5 25 62 21 94 16
TEST 21 ARG:9 41 3 92 81 69 29 61 44 77 22 56 18 53 93 36 8 31 86 45 63 38 15 17 75 2 49 6 59 46 7 89 71 4 32 33 19 68 91 0 20 99 51 65 30 83 26 23 76 64 50 34 80 35 85 95 1 11 10 27 66 88 70 40 98 48 82 60 52 96 79 72 43 58 87 97 42 28 55 24 37 12 78 90 73 57 67 14 54 84 13 74 39 47 5 25 62 21 94 16
TEST 22 ARG:89 12 28 95 42 92 91 20 76 78 21 96 70 69 43 67 31 84 36 45 10 19 26 44 39 60 9 41 58 32 80 85 87 68 33 27 4 86 94 54 51 83 14 22 56 34 77 62 71 30 13 48 35 7 1 82 93 99 0 3 38 75 97 73 79 74 6 47 24 11 55 66 37 90 8 23 29 88 16 25 52 59 57 81 98 17 72 40 61 65 53 46 2 5 49 15 64 18 63 50
TEST 22 ARG:89 12 28 95 42 92 91 20 76 78 21 96 70 69 43 67 31 84 36 45 10 19 26 44 39 60 9 41 58 32 80 85 87 68 33 27 4 86 94 54 51 83 14 22 56 34 77 62 71 30 13 48 35 7 1 82 93 99 0 3 38 75 97 73 79 74 6 47 24 11 55 66 37 90 8 23 29 88 16 25 52 59 57 81 98 17 72 40 61 65 53 46 2 5 49 15 64 18 63 50
TEST 23 ARG:97 69 49 91 94 19 12 86 21 35 22 25 84 30 82 77 98 41 38 87 76 10 47 48 7 23 45 2 65 11 62 89 46 36 58 66 70 29 5 99 83 67 52 75 57 92 60 8 15 64 93 39 44 68 59 95 53 6 81 13 96 71 9 85 1 40 34 31 73 28 3 90 17 78 16 14 20 61 80 56 50 51 72 27 74 37 32 43 26 0 33 55 88 24 4 79 42 54 18 63
TEST 23 ARG:97 69 49 91 94 19 12 86 21 35 22 25 84 30 82 77 98 41 38 87 76 10 47 48 7 23 45 2 65 11 62 89 46 36 58 66 70 29 5 99 83 67 52 75 57 92 60 8 15 64 93 39 44 68 59 95 53 6 81 13 96 71 9 85 1 40 34 31 73 28 3 90 17 78 16 14 20 61 80 56 50 51 72 27 74 37 32 43 26 0 33 55 88 24 4 79 42 54 18 63
TEST 24 ARG:61 68 47 38 73 72 32 21 90 42 74 10 54 93 33 18 50 62 4 14 16 83 25 7 17 79 98 58 71 69 20 78 29 57 5 30 76 63 52 81 49 97 36 85 9 64 0 44 86 41 89 39 87 28 31 23 96 88 48 6 19 92 67 94 27 37 3 24 22 13 66 84 26 56 70 45 59 75 2 80 82 11 77 65 46 95 53 43 1 35 12 15 8 91 60 55 51 99 40 34
TEST 24 ARG:61 68 47 38 73 72 32 21 90 42 74 10 54 93 33 18 50 62 4 14 16 83 25 7 17 79 98 58 71 69 20 78 29 57 5 30 76 63 52 81 49 97 36 85 9 64 0 44 86 41 89 39 87 28 31 23 96 88 48 6 19 92 67 94 27 37 3 24 22 13 66 84 26 56 70 45 59 75 2 80 82 11 77 65 46 95 53 43 1 35 12 15 8 91 60 55 51 99 40 34
TEST 25 ARG:30 60 69 77 57 78 55 94 81 54 86 84 80 0 12 16 47 59 62 23 39 50 46 36 68 2 40 6 5 89 87 29 33 67 15 3 92 10 90 20 26 45 76 52 1 82 58 42 73 53 88 93 25 44 37 43 51 65 72 34 75 8 9 31 19 49 99 24 66 95 48 13 27 14 4 61 83 18 21 35 85 22 28 79 38 98 71 17 7 41 70 63 56 96 74 64 91 97 11 32
TEST 25 ARG:30 60 69 77 57 78 55 94 81 54 86 84 80 0 12 16 47 59 62 23 39 50 46 36 68 2 40 6 5 89 87 29 33 67 15 3 92 10 90 20 26 45 76 52 1 82 58 42 73 53 88 93 25 44 37 43 51 65 72 34 75 8 9 31 19 49 99 24 66 95 48 13 27 14 4 61 83 18 21 35 85 22 28 79 38 98 71 17 7 41 70 63 56 96 74 64 91 97 11 32
TEST 26 ARG:43 62 97 77 35 27 91 17 66 90 61 99 21 38 23 41 16 64 80 14 26 24 9 28 6 0 54 88 95 82 56 3 84 78 65 94 10 48 29 40 22 79 58 7 45 72 96 13 57 25 1 2 50 63 37 51 49 53 85 44 59 47 36 4 67 68 11 71 81 34 73 31 86 32 55 98 15 69 42 70 74 39 76 19 92 87 93 20 60 52 30 5 18 8 89 83 33 75 12 46
TEST 26 ARG:43 62 97 77 35 27 91 17 66 90 61 99 21 38 23 41 16 64 80 14 26 24 9 28 6 0 54 88 95 82 56 3 84 78 65 94 10 48 29 40 22 79 58 7 45 72 96 13 57 25 1 2 50 63 37 51 49 53 85 44 59 47 36 4 67 68 11 71 81 34 73 31 86 32 55 98 15 69 42 70 74 39 76 19 92 87 93 20 60 52 30 5 18 8 89 83 33 75 12 46
TEST 27 ARG:96 52 44 39 45 50 2 37 48 13 35 38 17 40 41 6 9 75 94 34 73 21 56 81 77 58 10 97 11 26 95 61 55 42 53 90 98 16 18 68 7 33 12 46 3 29 71 82 89 66 30 22 25 43 79 20 54 64 14 51 49 47 23 19 57 92 72 80 86 69 59 91 36 70 1 85 76 62 93 4 0 78 32 83 84 65 99 28 8 5 15 24 74 88 87 31 27 63 60 67
TEST 27 ARG:96 52 44 39 45 50 2 37 48 13 35 38 17 40 41 6 9 75 94 34 73 21 56 81 77 58 10 97 11 26 95 61 55 42 53 90 98 16 18 68 7 33 12 46 3 29 71 82 89 66 30 22 25 43 79 20 54 64 14 51 49 47 23 19 57 92 72 80 86 69 59 91 36 70 1 85 76 62 93 4 0 78 32 83 84 65 99 28 8 5 15 24 74 88 87 31 27 63 60 67
TEST 28 ARG:91 87 93 64 74 61 40 76 94 11 9 36 10 72 48 70 26 35 5 75 15 69 71 55 16 41 60 90 30 96 32 3 21 50 97 27 25 24 99 7 0 85 39 79 14 28 83 49 86 18 31 2 46 1 37 58 92 95 62 38 29 89 13 43 88 20 63 22 51 84 77 54 98 34 78 67 52 81 33 8 68 4 59 57 12 82 80 73 17 45 47 23 6 56 65 42 19 53 44 66
TEST 28 ARG:91 87 93 64 74 61 40 76 94 11 9 36 10 72 48 70 26 35 5 75 15 69 71 55 16 41 60 90 30 96 32 3 21 50 97 27 25 24 99 7 0 85 39 79 14 28 83 49 86 18 31 2 46 1 37 58 92 95 62 38 29 89 13 43 88 20 63 22 51 84 77 54 98 34 78 67 52 81 33 8 68 4 59 57 12 82 80 73 17 45 47 23 6 56 65 42 19 53 44 66
TEST 29 ARG:4 48 1 90 17 81 74 65 84 85 79 19 52 27 26 11 8 34 46 31 49 92 91 83 42 88 28 45 66 30 77 57 38 47 54 53 72 6 96 9 36 59 64 5 3 10 0 20 56 13 41 93 16 51 18 15 50 95 23 35 58 40 24 73 39 98 32 71 55 82 7 37 69 76 61 29 75 97 25 33 21 89 78 43 63 60 86 94 80 68 12 44 67 14 87 2 22 70 62 99
TEST 29 ARG:4 48 1 90 17 81 74 65 84 85 79 19 52 27 26 11 8 34 46 31 49 92 91 83 42 88 28 45 66 30 77 57 38 47 54 53 72 6 96 9 36 59 64 5 3 10 0 20 56 13 41 93 16 51 18 15 50 95 23 35 58 40 24 73 39 98 32 71 55 82 7 37 69 76 61 29 75 97 25 33 21 89 78 43 63 60 86 94 80 68 12 44 67 14 87 2 22 70 62 99
TEST 30 ARG:31 47 32 85 92 10 59 69 7 53 76 77 71 79 29 72 82 28 37 86 2 15 3 91 34 80 9 95 60 33 75 49 20 11 51 64 89 25 13 66 78 36 88 87 0 42 14 18 83 55 43 81 70 8 35 97 30 68 46 38 50 45 96 54 84 26 61 94 44 21 12 24 16 6 74 65 57 67 1 63 40 73 48 22 17 4 23 98 58 56 19 5 99 90 27 93 62 52 41 39
TEST 30 ARG:31 47 32 85 92 10 59 69 7 53 76 77 71 79 29 72 82 28 37 86 2 15 3 91 34 80 9 95 60 33 75 49 20 11 51 64 89 25 13 66 78 36 88 87 0 42 14 18 83 55 43 81 70 8 35 97 30 68 46 38 50 45 96 54 84 26 61 94 44 21 12 24 16 6 74 65 57 67 1 63 40 73 48 22 17 4 23 98 58 56 19 5 99 90 27 93 62 52 41 39
TEST 31 ARG:70 0 12 46 43 65 69 92 40 60 6 66 8 58 14 53 31 83 67 9 45 20 76 99 16 50 36 23 97 38 98 10 81 11 52 93 89 47 3 51 74 27 29 22 37 71 78 44 91 33 59 54 86 24 41 68 13 32 19 2 96 77 25 39 28 4 42 64 84 79 56 34 80 5 1 87 88 57 15 85 35 72 90 48 95 61 49 17 55 7 63 75 62 30 94 73 26 82 18 21
TEST 31 ARG:70 0 12 46 43 65 69 92 40 60 6 66 8 58 14 53 31 83 67 9 45 20 76 99 16 50 36 23 97 38 98 10 81 11 52 93 89 47 3 51 74 27 29 22 37 71 78 44 91 33 59 54 86 24 41 68 13 32 19 2 96 77 25 39 28 4 42 64 84 79 56 34 80 5 1 87 88 57 15 85 35 72 90 48 95 61 49 17 55 7 63 75 62 30 94 73 26 82 18 21
TEST 32 ARG:91 59 28 12 57 19 9 41 43 93 42 2 53 63 49 96 70 6 77 85 39 87 89 61 30 33 7 75 21 1 69 11 83 72 98 26 68 40 24 60 56 17 4 67 46 3 74 27 51 32 34 65 44 92 16 47 23 50 36 80 10 58 22 79 29 84 71 5 54 99 81 90 38 73 97 76 88 86 14 13 20 18 48 64 0 15 78 52 62 45 55 31 35 66 95 8 94 25 37 82
TEST 32 ARG:91 59 28 12 57 19 9 41 43 93 42 2 53 63 49 96 70 6 77 85 39 87 89 61 30 33 7 75 21 1 69 11 83 72 98 26 68 40 24 60 56 17 4 67 46 3 74 27 51 32 34 65 44 92 16 47 23 50 36 80 10 58 22 79 29 84 71 5 54 99 81 90 38 73 97 76 88 86 14 13 20 18 48 64 0 15 78 52 62 45 55 31 35 66 95 8 94 25 37 82
TEST 33 ARG:35 11 16 29 58 47 83 67 86 25 59 17 48 77 45 6 74 72 43 51 79 14 69 57 15 93 44 22 24 61 63 39 56 94 90 96 54 55 18 0 98 13 50 82 88 95 34 73 97 53 78 84 64 91 21 3 70 5 31 37 42 26 41 81 2 40 27 20 87 49 30 1 36 60 38 8 76 12 71 92 4 66 99 52 19 33 46 9 32 85 23 28 7 62 68 75 80 89 65 10
TEST 33 ARG:35 11 16 29 58 47 83 67 86 25 59 17 48 77 45 6 74 72 43 51 79 14 69 57 15 93 44 22 24 61 63 39 56 94 90 96 54 55 18 0 98 13 50 82 88 95 34 73 97 53 78 84 64 91 21 3 70 5 31 37 42 26 41 81 2 40 27 20 87 49 30 1 36 60 38 8 76 12 71 92 4 66 99 52 19 33 46 9 32 85 23 28 7 62 68 75 80 89 65 10
