Multiple size <= 100
TEST 1 ARG:37 32 79 82 46 64 21 49 99 73 14 43 10 33 26 11 76 86 58 38 22 92 19 29 72 89 90 31 74 24 44 1 75 7 42 50 2 40 48 25 4 63 47 20 35 61 6 85 87 71 5 91 54 0 39 95 17 52 56 27 97 62 78 8 68 55 16 36 3 57 34 60 59 51 66 83 23 84 93 70 67 96 69 41 45 80 28 30 94 98 9 88 81 18 15 53 77 12 13 65
TEST 2 ARG:93 97 87 69 15 1 75 28 5 33 84 54 64 7 27 88 22 62 30 49 70 90 2 52 72 76 11 4 85 21 46 78 91 45 3 61 55 20 36 50 89 83 95 23 74 26 98 96 40 13 68 63 31 34 71 92 53 58 44 6 14 59 57 17 82 25 0 35 79 37 10 67 18 47 94 51 60 19 38 12 73 24 43 80 77 86 41 32 9 42 39 8 81 65 99 16 66 48 56 29
TEST 3 ARG:59 54 41 27 89 15 9 51 4 96 63 34 2 62 99 45 92 31 28 19 11 90 86 53 43 13 57 7 66 60 78 98 91 25 20 5 69 58 95 1 0 32 36 82 47 75 79 24 68 61 30 14 21 88 83 70 42 26 64 97 29 50 39 67 80 48 18 81 37 12 44 23 76 85 72 3 10 65 8 93 55 6 94 38 56 52 71 17 74 73 35 40 33 22 84 49 87 16 77 46
TEST 4 ARG:78 36 12 43 88 59 53 66 50 97 19 63 29 31 35 23 93 47 87 40 92 32 9 51 38 81 4 74 7 90 8 15 37 84 14 21 64 41 48 11 89 70 28 33 42 80 58 85 82 30 5 62 27 57 10 49 44 73 16 13 65 96 94 67 56 91 75 86 0 95 60 39 98 25 69 54 1 46 79 34 77 2 99 6 20 52 18 3 26 76 68 61 45 24 17 83 72 22 55 71
TEST 5 ARG:59 38 44 37 62 32 28 57 39 69 17 7 58 68 65 89 1 67 20 88 15 97 76 52 48 63 53 12 60 23 40 66 42 98 99 92 47 26 70 43 84 94 71 51 33 49 74 41 13 5 56 29 3 64 85 91 2 75 46 10 4 8 34 86 45 16 87 80 9 36 22 0 18 93 73 54 95 72 79 6 82 83 19 96 31 61 25 21 11 50 14 90 81 24 30 78 35 77 55 27
TEST 6 ARG:40 11 24 50 0 59 94 69 36 91 56 74 45 90 6 98 88 13 81 85 62 96 26 33 10 4 92 35 70 64 1 78 71 18 47 80 57 75 61 73 42 38 97 83 53 52 87 58 79 22 99 68 32 63 93 84 21 16 95 7 12 77 89 20 15 23 60 2 48 41 82 46 54 5 67 17 51 28 25 14 3 44 49 19 66 37 31 8 76 72 34 55 43 39 65 30 86 29 27 9
TEST 7 ARG:47 22 69 31 3 17 61 83 27 19 40 42 1 90 39 53 63 7 97 18 15 16 56 57 43 99 45 85 82 58 65 76 55 8 67 54 5 88 60 2 75 46 13 21 70 32 98 84 33 94 52 49 66 4 36 28 30 86 23 80 24 34 79 92 38 44 96 72 12 77 10 78 59 93 95 14 26 50 51 74 20 89 41 73 0 48 64 71 11 68 29 87 37 25 81 9 35 62 91 6
TEST 8 ARG:72 98 19 6 49 80 2 85 14 44 53 93 91 7 20 18 70 34 52 62 17 67 8 43 27 55 68 51 12 90 28 25 76 66 38 69 23 84 95 50 60 79 54 24 41 31 63 11 1 47 77 73 75 97 82 45 15 4 35 94 58 26 57 32 59 78 10 3 30 99 33 86 48 9 5 96 21 42 71 65 22 37 16 88 87 46 36 81 61 74 56 89 29 40 83 0 64 13 39 92
TEST 9 ARG:32 72 67 60 46 42 11 68 33 34 0 64 3 54 35 56 79 74 53 19 83 24 16 47 37 77 2 93 1 98 10 13 12 45 69 91 20 21 61 82 84 48 57 23 15 95 78 41 7 49 43 96 59 27 30 25 4 58 75 99 39 28 9 6 66 73 29 81 94 89 22 65 92 18 88 71 38 80 90 76 85 97 70 5 14 52 26 17 44 87 50 31 51 40 55 63 62 86 36 8
TEST 10 ARG:92 97 61 68 35 67 4 84 14 6 23 69 60 56 86 55 32 79 2 53 74 47 5 26 17 39 77 3 44 89 80 71 19 12 96 21 31 66 0 90 43 34 27 75 51 18 13 91 88 99 72 20 94 63 24 1 95 78 70 16 25 36 10 58 7 83 93 57 41 82 52 30 42 64 50 37 98 45 81 9 8 65 40 28 76 59 54 48 49 87 29 46 38 11 73 62 85 22 15 33
TEST 11 ARG:59 99 51 80 78 38 43 91 52 61 47 42 15 28 45 16 88 98 69 44 82 27 14 92 58 33 29 76 83 3 85 31 10 30 72 1 63 89 17 86 4 34 77 23 20 74 62 48 6 67 97 49 11 41 95 56 57 90 24 39 9 12 13 54 93 96 7 66 21 87 50 37 25 53 46 5 64 71 81 79 70 60 35 19 73 84 68 36 55 2 94 40 0 26 18 8 32 65 22 75
TEST 12 ARG:28 37 73 40 74 8 20 21 58 27 59 9 46 51 4 66 75 17 83 62 84 78 11 3 49 42 13 77 68 64 19 63 36 26 82 81 14 65 92 2 87 96 85 22 7 52 41 54 76 5 48 98 57 90 69 30 38 33 70 56 10 16 47 88 24 50 86 12 61 79 91 80 94 67 89 55 1 45 72 25 18 95 35 6 23 53 34 0 97 43 29 93 60 15 39 31 32 71 44 99
TEST 13 ARG:47 88 97 69 1 22 37 31 54 42 80 33 56 14 7 64 11 73 18 48 52 45 85 79 12 43 76 94 75 28 57 4 13 29 61 8 63 71 30 36 84 49 50 83 46 82 91 67 53 87 40 23 27 65 34 24 90 55 41 58 78 89 60 9 44 17 0 10 93 6 96 68 26 35 3 15 86 2 66 25 99 16 20 39 62 19 74 59 21 92 98 51 38 81 32 5 72 95 70 77
TEST 14 ARG:85 22 68 49 35 74 82 25 53 26 92 33 79 48 87 38 61 78 41 45 84 11 44 24 98 9 8 18 83 28 58 89 3 94 60 66 96 30 75 95 81 64 71 21 16 76 99 47 80 5 62 93 7 52 40 2 73 97 17 69 65 4 88 14 54 51 46 15 50 67 43 56 77 70 37 91 12 13 42 0 34 6 23 1 31 72 32 55 36 57 19 86 63 59 27 29 39 20 10 90
TEST 15 ARG:12 41 30 62 4 13 77 93 33 59 68 57 19 87 78 72 28 0 5 98 86 69 32 38 64 16 40 83 96 15 73 52 67 35 54 47 22 81 63 97 88 42 50 92 82 89 75 74 36 17 60 14 48 61 85 27 8 46 20 11 21 10 79 95 58 29 66 7 2 84 39 49 71 91 65 45 55 26 34 6 43 24 56 25 23 31 37 90 18 76 9 1 44 99 51 80 53 70 94 3
TEST 16 ARG:25 36 48 11 37 45 2 54 72 75 15 8 51 77 13 4 3 60 74 12 87 5 90 44 18 0 59 68 83 35 58 24 23 17 53 39 65 43 98 16 67 32 57 49 93 50 63 70 56 71 10 31 92 94 69 21 42 61 91 78 9 79 85 86 99 40 52 29 33 20 88 66 95 97 22 27 81 62 76 96 89 73 55 1 26 82 28 47 46 38 14 7 30 41 19 64 6 34 84 80
TEST 17 ARG:47 17 59 78 71 34 33 8 58 46 15 10 86 43 97 53 74 20 9 68 57 12 93 1 6 3 22 21 37 61 7 65 75 44 79 26 72 70 16 24 76 23 73 14 94 49 82 64 42 51 38 19 56 5 54 83 89 80 62 85 32 67 39 55 95 96 69 2 45 92 40 35 87 4 84 77 29 90 60 30 36 66 28 88 48 13 63 18 50 11 25 31 52 41 99 27 81 0 98 91
TEST 18 ARG:46 41 50 91 90 21 15 65 72 99 9 47 51 86 71 58 78 36 52 98 49 88 23 80 12 45 20 5 85 31 44 95 89 22 38 59 11 13 67 73 26 2 27 92 70 84 34 33 53 39 66 93 16 76 63 74 7 75 14 10 28 40 35 4 19 60 6 81 29 87 55 79 3 37 42 77 1 18 96 61 94 48 57 30 56 0 97 69 8 43 82 54 25 24 83 62 32 64 17 68
TEST 19 ARG:15 95 28 26 3 36 98 64 69 82 83 45 78 37 99 71 12 52 44 96 40 80 22 7 54 49 32 48 51 20 17 21 97 93 76 6 5 61 89 25 88 29 11 8 75 65 86 74 70 53 31 42 79 67 87 9 16 92 55 13 59 73 72 81 77 0 94 10 35 90 84 1 4 30 27 23 19 43 68 39 56 46 14 63 62 58 57 66 34 38 85 33 50 60 41 47 24 18 91 2
TEST 20 ARG:42 47 80 65 16 55 67 18 0 41 7 26 20 87 90 12 96 13 68 69 24 4 39 83 46 37 50 81 66 49 27 77 38 88 62 52 91 25 45 9 14 30 10 54 60 82 21 78 94 57 19 51 15 58 2 76 64 6 95 98 44 40 71 85 99 73 17 97 32 34 59 11 53 70 79 31 23 35 43 1 8 36 84 75 22 72 48 93 86 56 5 92 63 28 29 74 61 3 33 89
TEST 21 ARG:58 45 89 56 31 66 79 49 33 20 80 72 23 35 87 22 95 65 6 75 62 50 52 88 10 94 1 16 47 21 29 25 15 82 84 76 57 44 73 93 68 4 53 90 8 12 96 38 30 24 14 26 40 99 61 0 78 77 97 19 7 67 63 64 86 34 17 70 37 43 41 92 3 74 69 42 59 18 5 60 98 2 32 13 11 83 28 51 71 39 85 46 9 91 81 36 27 55 48 54
TEST 22 ARG:96 28 13 14 1 65 53 59 98 20 55 43 44 33 84 82 57 64 72 66 16 35 77 45 6 47 5 24 31 76 40 25 12 60 90 56 41 83 92 3 36 71 30 80 51 89 34 19 37 93 75 0 11 42 97 58 46 48 52 91 87 39 27 67 50 8 70 63 22 81 79 7 95 2 18 15 38 69 32 99 49 4 9 29 23 86 62 88 74 61 10 68 94 21 54 73 26 17 78 85
TEST 23 ARG:17 25 69 65 9 63 54 51 24 49 32 5 47 29 92 60 93 81 15 87 0 99 90 19 64 37 23 36 43 13 16 83 80 8 27 28 84 7 42 57 70 91 41 61 14 52 2 34 82 73 62 48 46 97 88 44 71 89 72 45 3 58 39 30 59 38 79 74 26 85 66 77 21 33 11 86 4 20 67 56 95 35 1 18 98 94 40 22 50 78 75 10 55 53 68 6 31 12 76 96
TEST 24 ARG:97 46 50 53 17 28 41 59 65 98 85 61 99 42 94 82 38 51 3 57 21 75 88 39 14 93 92 30 79 15 71 26 66 78 4 40 47 86 5 43 22 0 69 96 16 73 56 55 27 84 34 63 64 67 18 25 9 90 32 89 6 54 7 8 81 95 77 45 49 48 87 19 74 37 13 35 76 62 44 23 80 52 70 1 20 11 68 91 2 24 31 29 12 83 33 58 10 36 60 72
TEST 25 ARG:50 88 58 29 3 54 49 25 99 10 30 96 82 51 72 22 27 5 79 84 40 56 28 70 61 90 12 91 57 33 18 0 65 47 86 8 39 13 53 71 73 31 94 2 37 92 38 19 32 48 36 59 60 87 16 75 85 26 98 45 42 1 11 46 43 9 66 21 95 7 17 24 4 76 35 34 67 89 14 81 68 74 77 15 80 6 63 44 78 97 41 62 83 23 55 64 93 69 52 20
TEST 26 ARG:98 14 1 60 62 49 68 4 91 93 11 63 77 70 95 80 51 21 36 96 22 0 37 38 64 58 44 86 15 31 85 9 30 84 10 57 53 83 69 27 33 61 25 56 7 45 8 78 24 99 6 65 73 82 87 20 2 3 46 19 23 72 94 52 90 34 17 40 50 71 89 76 81 59 18 88 92 75 74 54 55 28 43 66 32 12 48 35 79 26 29 97 5 39 42 41 47 13 16 67
TEST 27 ARG:79 9 21 51 41 50 95 28 60 5 35 31 72 90 12 8 96 70 13 93 65 56 4 44 38 49 78 68 67 83 39 69 62 19 57 11 23 20 30 85 33 66 43 76 87 63 84 53 59 6 27 97 37 22 1 81 46 40 92 0 52 58 47 71 34 75 73 55 80 10 99 32 2 82 17 48 45 15 86 26 91 74 64 18 98 42 14 61 89 54 3 24 77 7 36 16 88 94 29 25
TEST 28 ARG:2 0 87 5 91 54 42 84 63 80 96 81 32 45 27 4 38 79 13 92 1 82 20 66 3 14 28 9 83 31 33 69 21 24 41 12 37 98 90 99 68 8 15 36 70 97 78 43 85 34 77 48 76 56 55 40 60 57 30 53 19 71 88 58 73 26 94 93 47 64 61 23 17 62 72 49 11 46 89 39 75 51 7 10 22 50 18 52 29 25 6 74 44 35 67 59 65 86 95 16
TEST 29 ARG:10 38 80 26 16 39 70 59 67 45 5 34 66 29 97 35 93 40 44 96 89 11 21 58 24 53 83 20 85 86 23 62 69 48 47 27 0 49 75 72 68 60 50 73 15 84 99 81 22 56 9 36 31 74 65 7 25 2 63 19 90 55 64 30 17 77 4 98 95 42 28 78 3 71 41 8 37 12 94 1 32 88 82 92 79 18 76 46 61 91 43 87 54 13 14 6 33 51 57 52
TEST 30 ARG:30 26 88 18 37 80 32 68 72 55 51 14 9 89 13 23 86 62 43 35 96 50 64 70 57 73 90 15 20 12 28 6 79 11 27 98 21 61 24 7 34 85 93 92 60 47 84 56 59 78 63 69 44 45 76 19 83 17 33 71 22 42 81 87 16 82 1 10 0 8 2 48 31 5 52 74 97 49 39 99 36 29 40 38 4 65 66 58 67 3 94 77 25 91 53 41 54 46 95 75
TEST 31 ARG:29 84 92 55 19 28 98 74 17 6 13 21 46 31 77 64 56 15 62 90 89 18 93 30 94 54 39 22 85 87 7 10 68 4 32 57 2 3 44 81 80 12 34 86 11 97 1 50 69 33 75 91 83 47 59 96 61 35 52 36 41 9 25 88 20 23 48 65 67 58 51 45 38 37 72 27 71 53 79 43 76 14 0 49 40 8 82 16 26 5 66 99 78 95 70 24 42 63 73 60
TEST 32 ARG:89 21 0 25 17 45 50 96 1 47 29 15 10 12 38 79 82 65 37 88 19 46 22 75 64 59 87 36 30 7 74 69 34 58 84 60 35 26 61 6 40 41 63 53 54 2 73 91 23 68 78 76 83 52 98 80 57 51 11 93 42 16 18 5 66 27 24 9 71 92 99 28 94 33 48 49 70 8 72 97 39 95 55 14 44 77 4 31 13 67 43 32 85 62 81 3 90 86 20 56
TEST 33 ARG:33 29 73 22 49 53 85 34 7 23 66 95 37 65 54 32 64 9 83 8 44 36 88 14 17 82 68 46 24 39 75 15 93 27 58 40 43 12 41 92 21 42 38 80 61 55 89 20 72 30 2 51 56 31 11 50 76 69 52 90 79 63 13 0 84 67 78 35 1 59 47 81 99 16 60 70 91 10 87 77 6 74 25 94 48 26 62 86 45 57 98 5 4 96 19 18 28 71 97 3
TEST 34 ARG:26 94 24 68 16 37 1 99 69 89 72 56 5 35 62 29 17 34 18 53 82 42 20 27 83 38 22 49 60 33 86 23 6 52 36 87 13 39 15 3 71 19 11 45 46 98 75 85 63 90 4 8 57 9 21 88 12 51 32 41 30 14 76 47 97 58 44 93 7 73 80 81 50 77 0 79 43 70 65 2 92 74 67 55 28 78 84 54 10 48 25 31 61 40 64 59 95 66 91 96
TEST 35 ARG:18 94 36 28 37 58 93 72 88 75 24 48 30 3 79 81 65 31 71 34 85 43 98 9 87 26 21 66 95 84 40 50 77 86 44 55 45 23 91 19 20 39 69 99 68 62 90 56 13 51 83 29 6 76 25 32 14 64 12 60 41 52 63 33 54 96 0 67 47 80 16 4 27 74 92 35 38 49 7 1 22 11 73 61 2 59 5 53 89 46 42 17 10 15 57 97 78 70 8 82
TEST 36 ARG:35 22 30 84 75 82 85 16 63 57 20 66 9 52 78 76 55 69 97 25 53 39 80 12 50 29 11 41 17 3 56 10 40 93 33 46 86 88 5 83 98 28 34 2 60 38 24 99 62 31 90 27 92 21 65 74 67 81 64 44 26 32 6 14 95 1 54 68 89 15 36 73 59 7 94 0 61 42 51 47 71 4 18 19 96 91 45 87 79 77 13 49 58 37 23 70 48 43 72 8
TEST 37 ARG:74 2 80 98 4 5 48 85 3 47 25 30 62 81 23 88 9 99 70 29 36 75 41 65 1 43 84 92 8 15 49 50 53 11 82 54 13 26 6 95 71 33 10 78 60 46 64 96 58 52 12 32 55 37 90 69 63 57 39 91 51 72 31 0 35 67 22 79 89 73 7 19 56 21 87 68 34 42 28 77 86 18 93 94 14 97 24 83 20 16 27 76 66 17 38 61 40 59 45 44
TEST 38 ARG:92 22 82 26 95 50 49 75 86 5 77 18 99 13 80 45 14 84 34 57 96 35 91 48 73 6 29 40 88 61 47 12 15 97 43 53 9 17 36 23 69 71 11 65 63 7 55 87 2 67 10 72 60 24 56 81 93 66 74 85 79 52 21 89 8 68 54 25 62 33 20 38 59 42 94 16 98 51 31 28 46 39 1 44 83 58 41 78 0 4 19 27 90 64 37 30 3 76 70 32
TEST 39 ARG:15 5 59 91 40 2 80 49 38 34 61 85 62 43 21 9 36 23 28 95 26 20 76 86 79 50 84 19 64 57 41 24 18 66 33 72 56 3 51 63 92 55 25 88 96 37 73 74 94 82 48 53 16 81 7 13 8 58 47 46 32 67 29 22 65 11 17 52 78 1 89 99 70 69 98 93 83 42 90 10 39 35 0 54 4 77 30 12 44 60 6 68 31 71 27 45 75 97 14 87
TEST 40 ARG:15 37 77 26 39 6 24 13 12 8 2 73 25 98 42 64 5 11 28 81 99 46 68 44 71 59 21 33 38 78 3 51 90 36 35 45 56 40 4 18 65 84 55 30 82 83 92 69 53 96 89 95 61 22 80 20 41 19 87 66 14 79 63 93 1 47 50 32 70 7 76 16 60 23 48 67 74 91 54 31 10 88 86 34 97 57 85 29 52 58 94 72 9 62 49 27 75 43 17 0
TEST 41 ARG:16 78 2 60 24 89 42 27 19 7 62 66 95 74 67 84 43 15 52 34 28 81 22 18 1 79 35 65 41 47 96 57 9 69 85 88 38 83 98 90 97 61 13 29 86 3 72 26 21 77 14 75 73 51 91 17 54 68 31 92 94 71 44 5 33 87 48 37 11 10 53 20 99 36 58 64 23 32 12 45 6 49 82 40 46 4 63 8 56 93 0 25 50 30 55 76 39 59 70 80
TEST 42 ARG:77 4 69 63 32 96 44 70 40 60 81 58 0 49 97 98 17 47 9 10 93 24 6 2 37 43 38 75 45 67 31 54 61 8 5 13 84 56 39 65 50 7 1 18 86 73 52 85 76 88 99 87 79 48 41 30 78 64 51 95 57 34 16 20 66 59 27 83 42 28 94 46 21 33 26 91 15 71 92 55 3 29 35 80 23 62 89 90 36 74 72 25 82 53 22 11 19 12 14 68
TEST 43 ARG:78 96 17 79 93 59 31 88 25 19 13 69 58 60 52 84 44 34 22 72 85 74 35 0 83 33 30 76 48 99 49 68 14 12 65 3 86 5 32 21 63 51 64 62 57 90 23 53 98 50 71 27 81 89 46 2 39 29 41 38 45 91 24 92 66 43 95 54 26 37 42 55 73 10 82 80 18 7 15 61 6 20 56 97 87 4 70 16 94 9 28 67 40 1 75 36 8 47 77 11
TEST 44 ARG:39 54 80 67 3 27 77 1 96 11 35 47 19 30 91 88 28 57 38 22 44 46 64 31 90 60 78 75 2 86 5 89 76 9 33 58 0 59 23 53 17 85 52 15 18 93 40 83 49 24 92 56 25 87 20 70 43 51 79 98 45 82 73 61 32 36 29 95 55 69 65 10 81 6 68 12 37 48 97 71 66 63 4 21 62 50 84 42 7 99 14 16 26 94 72 74 13 41 8 34
TEST 45 ARG:5 2 57 15 69 40 9 84 37 23 55 8 50 59 62 92 6 13 86 24 14 17 72 35 56 83 38 30 60 76 25 44 63 42 93 33 94 73 65 7 43 52 53 48 28 32 82 71 87 21 67 46 85 45 91 27 29 31 75 0 80 11 22 66 64 95 79 20 78 58 12 96 10 4 61 26 51 47 49 3 39 36 19 41 70 81 18 54 34 99 88 90 77 1 98 68 16 89 97 74
TEST 46 ARG:10 60 23 49 39 41 14 77 3 72 99 65 22 29 84 88 40 8 76 36 93 33 38 47 13 48 28 18 79 43 57 85 1 0 62 37 42 24 32 95 74 44 73 31 55 15 35 83 21 97 58 94 69 64 86 56 90 80 25 53 5 9 19 67 71 20 78 98 59 45 50 51 30 91 46 87 26 17 7 54 68 2 96 34 52 82 4 63 12 92 75 16 61 11 70 27 6 89 66 81
TEST 47 ARG:22 6 83 98 52 42 87 4 10 93 56 39 13 24 3 40 86 51 0 44 2 74 7 67 61 48 12 70 92 30 75 19 43 63 82 72 85 14 50 35 58 54 81 77 88 66 31 90 84 78 21 11 8 76 18 20 57 26 17 53 9 79 36 89 29 38 95 65 16 49 45 47 46 41 5 27 97 69 28 1 94 64 59 34 99 15 55 68 25 91 80 60 96 33 71 23 32 73 37 62
TEST 48 ARG:95 35 14 99 44 6 48 55 5 23 85 40 9 39 81 37 2 19 93 3 1 64 34 33 53 15 72 32 58 24 74 59 8 31 16 96 46 82 42 75 63 11 27 38 13 30 83 47 52 7 21 77 73 78 94 41 86 50 45 76 98 28 80 26 65 67 18 17 0 89 51 49 70 71 62 87 84 91 29 88 12 92 90 68 54 36 56 25 10 60 79 22 4 43 69 20 66 97 57 61
TEST 49 ARG:19 37 3 96 65 29 66 73 97 15 53 12 36 17 14 35 85 22 38 72 83 84 76 52 1 27 81 33 91 93 54 82 88 77 18 4 98 69 51 39 40 44 21 11 75 6 45 60 42 9 31 79 92 20 58 80 13 94 89 64 78 46 16 24 67 71 43 63 99 28 55 26 86 90 23 74 57 56 48 30 47 70 41 61 62 87 59 25 34 2 50 95 68 10 32 0 7 49 5 8
TEST 50 ARG:50 46 61 2 51 22 31 65 64 67 82 59 71 76 4 84 34 53 43 74 72 78 27 48 26 3 95 77 93 80 47 97 83 90 79 30 7 8 41 25 54 32 52 14 21 45 23 92 57 63 69 19 87 36 5 49 15 58 40 81 99 29 42 89 12 37 1 20 70 73 33 85 86 17 62 94 6 39 60 35 38 98 0 66 91 75 9 55 96 10 13 18 88 68 28 44 16 56 24 11
TEST 51 ARG:88 33 8 49 92 84 75 56 86 91 70 89 50 45 72 53 47 12 16 80 98 14 6 24 94 71 10 63 32 26 31 19 67 40 22 28 7 3 5 57 30 23 46 18 42 69 97 62 1 54 34 44 38 15 51 58 73 85 35 27 81 39 76 87 2 93 61 59 55 0 82 74 96 43 37 77 79 78 17 66 9 52 29 60 68 95 36 25 11 4 83 20 99 13 21 65 41 64 90 48
TEST 52 ARG:21 55 51 92 6 27 44 81 47 37 98 15 63 41 84 9 77 76 91 82 75 49 53 83 96 74 14 2 70 32 89 69 90 94 48 72 10 52 45 65 93 33 59 22 78 0 88 5 23 79 30 7 34 54 57 66 13 42 8 35 80 4 28 61 86 26 50 31 11 36 58 87 68 85 97 71 19 16 56 39 38 60 46 73 18 95 62 25 1 24 3 12 99 43 67 29 20 17 40 64
TEST 53 ARG:56 49 77 21 73 82 79 90 38 43 3 9 44 97 57 37 32 51 36 96 41 92 72 74 67 70 80 18 98 55 60 54 63 47 89 85 14 59 84 20 87 23 88 7 31 29 8 94 1 52 99 17 10 53 19 93 91 66 26 46 25 28 11 64 65 68 95 0 15 27 16 69 71 42 4 39 83 75 40 22 6 35 24 62 48 86 81 78 2 13 5 61 33 34 50 30 76 45 58 12
TEST 54 ARG:40 61 81 36 39 9 50 20 32 73 97 98 77 42 85 7 76 30 64 48 46 47 15 5 80 27 90 54 19 4 92 95 37 18 53 62 78 2 25 34 26 44 88 70 0 51 65 43 23 67 79 63 93 83 69 12 1 99 22 3 21 58 75 14 41 91 13 86 38 84 35 96 55 17 66 28 10 45 52 49 31 6 16 71 89 68 11 29 59 24 74 33 87 56 72 82 60 8 94 57
TEST 55 ARG:95 34 43 57 45 4 22 56 64 55 74 5 37 98 13 25 29 78 2 3 93 66 61 80 63 1 53 65 18 73 54 17 24 51 30 79 42 89 40 21 70 38 86 10 97 26 46 84 62 83 41 8 0 77 69 85 92 44 59 32 39 49 15 68 88 35 99 6 12 91 75 71 16 58 94 27 19 47 28 9 67 72 7 48 50 87 23 20 90 82 31 52 36 11 60 81 14 96 33 76
TEST 56 ARG:25 70 79 8 65 69 93 21 74 62 6 94 1 78 12 64 67 33 91 57 76 10 80 13 89 19 52 85 39 72 43 51 29 49 15 63 7 9 16 47 14 53 90 56 11 59 68 58 17 28 55 38 60 82 77 45 87 54 42 84 20 40 48 46 4 23 26 88 98 30 37 66 50 81 96 97 35 95 27 5 41 3 83 18 32 92 75 31 34 86 22 2 44 36 0 61 71 73 24 99
TEST 57 ARG:69 6 83 35 37 62 24 50 95 54 26 79 10 57 91 61 63 72 53 3 41 14 48 15 65 28 93 16 74 68 78 32 22 18 31 0 51 99 97 71 88 89 59 67 13 44 40 1 34 36 5 56 52 7 85 87 23 98 4 77 27 21 43 20 76 39 70 33 90 2 17 19 38 9 73 29 30 47 66 86 25 49 45 8 64 81 11 82 42 75 84 60 58 96 46 92 80 55 94 12
TEST 58 ARG:55 67 33 17 2 0 50 69 99 24 61 57 54 93 12 59 31 65 73 37 74 13 84 46 45 89 90 18 72 32 23 11 88 81 4 16 6 52 41 28 42 77 22 36 56 68 3 86 30 98 64 60 27 15 20 82 91 10 85 79 63 75 49 29 39 58 40 87 8 97 21 62 34 48 43 53 26 80 19 71 70 94 44 14 35 38 96 66 25 9 95 51 47 76 83 78 7 5 92 1
TEST 59 ARG:80 98 96 60 41 43 62 23 16 30 9 27 5 95 4 36 15 35 93 45 90 71 58 44 34 6 75 59 0 76 1 2 25 65 29 66 94 49 68 46 39 67 83 33 21 53 11 61 31 92 99 86 28 14 72 7 40 57 88 51 70 12 48 20 37 42 79 85 22 77 74 32 73 82 8 10 84 19 50 47 18 63 24 81 78 55 64 13 91 87 26 97 38 89 56 17 54 52 69 3
TEST 60 ARG:23 90 30 2 77 38 67 49 24 80 40 93 57 61 5 31 15 39 60 84 42 35 75 81 79 19 66 95 63 10 17 29 28 47 68 41 9 13 34 1 12 96 3 43 45 36 51 16 8 26 22 56 48 74 65 91 97 25 76 86 27 87 14 73 92 11 70 33 6 55 89 94 59 62 98 21 18 83 71 52 37 4 50 78 53 46 69 64 32 88 72 44 54 7 99 58 82 0 85 20
TEST 61 ARG:9 93 63 5 15 32 12 82 90 92 14 60 40 49 0 23 56 67 22 28 24 99 11 21 91 58 66 35 48 47 44 70 1 45 3 17 46 76 65 75 84 64 79 13 81 85 94 7 96 54 80 61 95 88 29 37 71 33 39 59 57 43 42 26 16 2 6 38 10 25 53 19 78 73 27 89 69 77 51 52 68 97 20 41 62 18 83 8 31 87 4 98 36 30 72 55 50 86 34 74
TEST 62 ARG:11 26 48 54 74 28 5 65 60 96 22 80 32 42 73 55 68 46 31 64 17 14 1 66 91 38 21 56 82 49 99 30 53 0 72 52 79 85 45 89 43 69 77 44 67 86 94 6 7 84 36 33 61 88 10 40 57 13 19 63 16 27 8 47 34 12 50 39 25 18 51 37 20 15 59 41 83 3 23 4 24 92 58 62 97 2 29 76 90 71 35 87 81 78 9 98 70 75 93 95
TEST 63 ARG:19 87 71 1 40 81 13 65 96 61 43 4 27 95 90 85 99 30 32 53 74 15 79 42 11 44 48 17 59 54 91 5 56 73 72 67 93 28 66 29 60 92 21 84 58 39 88 77 12 35 37 52 47 76 46 25 8 34 64 31 82 68 86 20 98 36 49 69 45 94 7 89 2 10 6 55 97 41 83 62 78 14 70 75 80 22 57 26 3 0 51 38 33 24 9 16 23 18 63 50
TEST 64 ARG:22 49 41 68 69 14 28 84 27 26 66 96 5 42 7 67 79 91 57 3 18 58 2 87 51 13 88 94 63 65 74 12 76 47 11 56 8 90 20 39 60 43 37 99 21 17 0 25 36 81 80 10 32 71 70 46 34 30 1 92 54 4 19 95 29 44 23 61 78 64 38 82 59 53 75 93 24 6 97 62 33 55 31 15 86 16 48 85 83 72 98 40 73 45 89 9 77 52 50 35
TEST 65 ARG:88 26 53 20 99 69 28 76 75 5 96 55 38 29 2 78 7 77 87 45 57 48 86 23 59 17 24 95 51 39 94 16 22 44 81 92 46 80 56 65 89 9 10 6 15 19 64 13 18 84 47 70 25 40 33 73 74 37 1 31 72 54 79 61 27 21 67 60 36 0 32 83 50 98 14 8 42 30 62 12 97 35 11 3 66 71 93 63 49 34 43 41 85 90 58 68 52 91 4 82
TEST 66 ARG:63 35 99 33 71 58 77 89 40 16 32 62 37 53 13 30 29 27 17 90 75 6 21 10 43 45 97 55 3 18 72 1 66 9 5 68 44 74 14 11 12 95 25 0 93 87 69 50 84 67 81 79 92 86 36 64 19 24 47 80 15 70 51 46 34 61 42 54 22 38 28 78 41 4 7 31 83 48 2 65 82 94 8 59 49 56 20 96 52 98 73 23 39 57 91 85 76 26 60 88
TEST 67 ARG:4 57 25 33 52 97 76 49 75 67 87 9 11 70 16 65 98 81 54 28 29 72 5 32 89 39 83 92 21 85 40 24 94 56 58 17 80 53 93 50 95 69 59 77 51 35 13 88 90 7 64 86 12 96 38 78 15 20 18 19 37 46 0 62 31 30 36 48 22 91 82 84 55 44 73 1 3 27 63 2 71 43 74 6 68 26 14 42 61 8 79 66 99 10 60 47 41 45 34 23
TEST 68 ARG:3 96 36 90 34 68 40 83 54 26 76 28 64 14 47 15 37 69 60 86 44 30 73 49 0 7 70 24 89 92 39 9 43 67 99 29 42 46 22 52 85 27 65 11 31 18 98 51 55 12 62 53 59 97 1 10 87 2 63 81 4 61 72 84 78 66 74 38 33 50 88 93 41 17 48 8 79 35 82 16 58 77 71 80 25 45 19 32 75 95 20 21 5 57 94 13 56 91 6 23
TEST 69 ARG:45 99 0 77 26 48 62 91 11 69 1 19 89 59 37 54 4 3 83 71 68 63 70 30 92 87 84 18 66 61 15 9 8 28 97 44 46 42 51 56 6 78 65 43 14 22 86 36 29 38 58 72 35 82 57 76 53 17 75 60 5 7 34 41 95 74 33 21 98 90 64 93 52 80 49 88 23 94 32 16 67 13 20 24 39 12 96 50 27 47 85 81 79 2 73 25 10 40 31 55
TEST 70 ARG:12 0 52 73 31 29 10 45 68 85 78 34 94 42 93 90 7 65 5 60 14 36 59 53 28 33 55 3 71 81 22 27 23 56 17 72 21 4 70 77 1 95 62 97 96 66 54 40 13 2 15 92 61 76 44 69 24 20 39 8 86 91 48 58 18 50 43 47 9 37 26 35 80 16 98 57 11 6 49 32 63 51 19 99 87 38 74 46 89 84 75 25 83 67 88 64 30 82 41 79
TEST 71 ARG:13 26 80 29 84 14 19 10 22 32 40 61 37 66 50 35 60 12 57 21 23 91 25 51 20 5 0 83 49 48 68 64 43 33 98 77 59 45 16 71 58 81 74 11 86 63 75 3 85 65 8 72 44 87 53 93 24 89 95 70 4 47 31 1 28 56 62 15 41 73 34 7 46 52 54 94 96 90 17 55 88 2 39 42 36 38 82 6 97 76 79 9 92 18 30 69 67 78 27 99
