Multiple size <= 100
TEST 1 ARG:34 53 23 77 42 84 50 3 90 78 21 13 25 40 19 26 57 67 4 20 0 97 49 39 36 16 62 92 63 70 30 51 7 68 64 80 32 60 47 6 35 85 17 82 75 76 66 58 83 59 73 11 91 61 29 86 10 8 2 22 5 65 1 37 94 48 99 95 98 93 56 74 12 88 52 9 27 28 71 45 33 46 24 54 79 38 44 87 72 43 31 18 81 89 69 96 15 14 41 55
TEST 2 ARG:33 49 65 32 8 94 89 67 45 97 99 59 63 22 34 41 53 10 52 19 43 14 74 51 36 86 42 3 5 47 66 93 87 4 73 78 69 72 76 50 29 9 56 62 25 20 75 92 96 1 16 79 46 61 2 6 90 57 28 21 18 95 39 12 38 23 98 24 68 70 30 17 77 60 71 80 82 91 83 44 48 85 58 81 40 84 11 27 15 13 64 55 35 88 31 54 37 26 0 7
TEST 3 ARG:68 79 76 15 46 28 43 72 12 48 55 87 34 38 47 86 65 71 35 67 93 45 2 64 1 10 53 54 83 70 9 21 94 33 90 73 51 74 82 22 23 3 97 62 89 32 7 52 17 58 27 13 26 41 56 42 63 60 20 31 50 36 69 95 91 30 96 78 5 98 8 61 77 88 59 0 6 16 19 39 80 4 40 92 11 14 29 18 44 24 25 84 85 99 57 81 49 37 75 66
TEST 4 ARG:15 19 53 79 4 24 50 27 96 47 43 88 78 44 91 20 85 99 60 12 70 21 59 31 14 57 77 92 90 61 82 94 54 68 17 16 62 32 46 22 7 48 10 11 2 69 25 0 38 33 3 26 72 89 95 52 40 97 73 41 83 76 5 63 45 29 28 58 66 93 56 8 98 1 75 55 18 74 6 30 9 36 49 34 65 64 37 51 80 81 42 67 35 23 84 87 71 86 13 39
TEST 5 ARG:60 80 8 36 81 45 17 25 40 70 32 13 84 26 48 54 58 68 71 59 35 2 15 91 69 7 87 22 11 73 66 86 14 10 90 63 76 12 55 39 20 50 27 49 47 31 83 28 9 51 62 44 98 77 56 78 99 43 42 79 67 64 93 65 5 97 89 19 95 21 85 88 34 57 82 3 0 23 94 1 75 41 96 16 74 46 18 6 38 30 92 29 24 37 72 61 33 53 4 52
TEST 6 ARG:94 8 22 61 20 96 92 62 49 35 39 54 31 38 68 29 58 33 27 21 36 57 59 46 48 51 32 74 50 34 30 77 88 83 19 69 97 24 41 14 99 65 70 7 10 63 25 79 12 18 81 28 52 17 91 4 6 2 93 73 23 98 15 64 75 1 40 89 60 76 5 84 13 82 95 37 16 85 44 47 53 90 72 26 55 67 45 80 42 3 87 11 86 78 0 56 9 43 66 71
TEST 7 ARG:55 79 70 98 61 62 51 13 33 43 56 41 42 27 32 19 86 39 53 57 54 80 72 88 60 44 30 12 35 85 58 82 16 6 7 92 71 81 77 96 38 63 76 52 59 18 20 84 49 66 10 29 91 1 17 21 68 23 67 24 46 90 89 99 14 48 47 93 75 0 34 36 78 37 73 11 50 31 25 9 83 4 26 95 8 65 74 87 15 94 45 69 3 2 28 22 97 5 40 64
TEST 8 ARG:59 14 74 56 94 92 82 29 91 28 9 95 65 55 67 0 17 5 78 50 88 25 57 7 43 15 19 51 30 68 53 46 44 45 8 27 54 63 70 86 23 24 42 31 3 34 6 81 18 76 21 83 37 13 22 52 36 84 1 96 60 71 99 64 12 33 47 11 72 38 48 35 16 93 69 98 66 79 58 89 87 85 41 77 61 97 49 2 26 40 90 10 39 80 32 4 73 75 20 62
TEST 9 ARG:59 30 6 96 2 19 64 95 49 71 35 27 69 54 21 3 36 72 93 16 43 61 46 56 38 14 90 67 47 74 62 80 17 53 25 57 26 12 51 75 58 15 55 84 41 94 87 97 91 98 29 1 8 34 45 63 99 60 9 76 70 24 32 5 85 66 48 92 10 7 40 28 44 37 4 52 65 42 11 23 81 68 33 50 79 86 0 78 31 83 18 22 73 89 20 82 13 88 39 77
TEST 10 ARG:89 60 71 48 39 57 64 9 26 88 97 19 1 12 33 87 21 72 79 84 68 74 36 14 85 5 82 52 62 76 86 45 3 91 50 30 46 53 80 4 55 17 10 83 94 54 77 8 15 41 28 44 11 98 90 24 93 38 59 51 47 81 66 99 40 18 63 73 65 75 27 32 49 23 13 29 96 56 35 58 69 20 7 43 67 6 25 95 34 16 2 0 70 31 37 78 22 61 42 92
TEST 11 ARG:39 65 16 41 21 78 14 23 56 10 9 91 53 59 46 0 33 2 11 83 40 35 7 61 19 36 28 1 48 60 26 50 93 63 57 6 8 15 96 18 89 27 22 84 90 64 58 49 13 42 32 67 97 55 38 68 70 69 76 5 37 54 79 72 77 99 88 66 62 43 94 81 3 74 75 51 31 85 24 17 20 44 45 4 80 12 29 95 34 98 87 86 25 47 92 73 71 30 82 52
TEST 12 ARG:87 57 24 54 4 31 35 20 74 93 38 81 8 29 1 77 95 21 94 32 36 60 82 98 72 68 53 55 16 79 97 25 59 42 22 86 73 90 96 12 88 13 34 69 15 63 11 80 47 52 84 41 37 19 10 7 51 43 91 62 61 30 75 46 89 5 14 71 17 56 2 23 6 83 92 64 26 40 66 70 0 39 65 58 49 48 3 9 45 78 99 67 85 28 76 18 27 44 33 50
TEST 13 ARG:34 22 50 2 68 75 57 48 30 76 12 81 13 64 72 92 21 42 1 87 25 11 33 3 7 40 38 86 80 78 23 79 52 10 69 20 94 90 49 18 62 19 35 8 74 60 71 29 51 73 67 70 54 61 66 53 6 77 24 97 65 88 17 0 59 5 36 55 14 98 37 46 28 96 99 44 4 82 26 58 85 16 15 91 95 84 31 45 47 83 43 32 89 41 9 93 27 39 56 63
TEST 14 ARG:51 40 66 42 47 21 64 53 23 16 96 81 76 95 5 7 86 11 62 41 33 93 75 83 27 90 92 48 72 28 17 1 9 61 91 54 25 4 59 60 26 43 56 14 85 77 78 68 35 97 49 39 38 52 71 18 94 65 67 2 34 30 70 89 73 55 22 36 12 15 44 19 74 82 0 3 57 84 32 87 88 6 31 13 24 99 58 20 69 45 50 98 37 10 79 29 80 8 46 63
TEST 15 ARG:94 19 32 56 11 84 29 33 12 42 98 95 86 16 97 47 51 37 20 41 30 64 36 24 40 88 90 73 35 14 48 18 28 3 57 31 55 0 58 91 80 60 63 23 76 21 39 15 22 34 89 79 85 62 4 59 2 5 54 52 61 82 70 13 71 25 92 49 69 87 67 78 43 96 74 8 50 45 65 93 46 1 44 68 72 6 81 53 77 27 10 7 9 38 26 66 17 75 99 83
TEST 16 ARG:80 27 86 4 8 51 38 95 96 84 20 24 73 47 42 81 32 16 63 89 43 55 56 28 77 54 22 31 91 40 69 83 53 37 13 62 57 97 34 76 87 52 12 9 94 17 19 92 65 82 2 85 59 15 75 5 18 3 79 49 70 61 46 74 93 66 58 25 68 30 35 44 67 64 33 11 21 72 71 50 48 90 78 29 1 41 0 88 99 10 23 98 36 60 39 6 14 7 45 26
TEST 17 ARG:55 80 61 20 26 92 45 42 35 77 9 11 32 83 81 82 21 41 44 56 58 72 4 28 60 65 67 19 24 48 23 99 18 97 87 89 73 13 6 5 29 34 90 69 31 12 98 59 14 52 54 79 40 66 7 3 15 39 0 74 85 33 43 53 47 63 10 37 96 91 94 64 68 27 25 46 50 1 93 16 36 8 62 51 71 22 84 57 88 78 2 38 86 17 49 30 76 75 70 95
TEST 18 ARG:54 10 77 51 98 22 36 9 19 38 83 97 73 56 20 45 2 18 74 43 71 50 58 46 81 35 99 14 39 92 72 13 12 95 8 94 29 44 87 4 21 67 24 68 47 52 64 90 70 27 0 62 37 15 34 66 82 28 30 31 96 61 11 48 88 60 41 76 78 84 79 16 40 80 42 26 25 86 85 55 59 5 93 49 53 57 63 65 91 7 23 3 17 1 33 6 69 32 89 75
TEST 19 ARG:78 50 83 32 29 36 27 24 49 76 31 37 18 72 58 0 98 34 95 48 81 26 90 40 15 11 1 97 88 28 3 60 42 69 68 38 53 12 89 63 75 47 46 16 9 87 85 30 10 56 67 7 4 45 52 59 71 74 65 84 73 80 55 35 25 92 64 21 86 93 2 19 77 44 91 6 82 57 94 41 61 17 14 22 66 70 8 99 23 13 20 39 79 51 43 54 33 5 62 96
